a<-50
a